# Created by Octave 6.1.0, Mon Apr 10 17:33:44 2023 GMT <unknown@DESKTOP-MP17NNI>
# name: featSet
# type: matrix
# rows: 30
# columns: 7
 0.377 1097 3154 4738.0719913819639 0.90266639085428824 15.079793477694379 0.67924528301886788
 0.34300000000000003 1357 3993 2905.4606186518922 1.1806549799101178 -33.109550037143279 0.35714285714285715
 0.36499999999999999 1791 16955 10449.163034779935 1.6099098802283274 -227.37176891153621 0.35384615384615387
 0.40300000000000002 222 7309 4533.8146814404427 0.68472252488410168 23.094273456932346 0.62121212121212122
 0.39300000000000002 4084 16556 11088.187980917199 1.7077173408090023 -146.36123150636487 0.39726027397260272
 0.41699999999999998 1826 18358 17595.786426592778 1.319383269270868 -273.80888134004795 0.23333333333333334
 0.33100000000000002 1463 11370 6535.592120652509 0.6950912971803922 66.980603100494108 0.59090909090909094
 0.36499999999999999 5714 6540 8216.7483225607848 0.41034363019121634 113.03155467641639 0.6166666666666667
 0.40300000000000002 3248 10308 12098.90492459218 1.1340006051462641 80.415332837481799 0.359375
 0.33900000000000002 2337 28917 11451.37873191751 1.9549074158509399 -649.02907765363454 0.44615384615384618
 0.35899999999999999 521 3446 2665.0104955370898 0.63700727715884808 47.090115173054443 0.6428571428571429
 0.41499999999999998 4354 6888 4586.405617112955 1.0822023677555019 68.232304928260547 0.49056603773584906
 0.377 1111 25299 12723.148122499226 3.0523690572319579 -513.10680529309309 0.35820895522388058
 0.34499999999999997 1746 39022 21482.433333333334 1.110258594467664 49.341975998142111 0.49315068493150682
 0.41399999999999998 636 6572 4950.9165127731667 0.83357813625894694 39.804586666412725 0.65151515151515149
 0.38 9721 16185 13141.538888888876 3.1541996704687865 -585.56831940350207 0.095890410958904104
 0.27000000000000002 1204 102582 66824.723468759592 6.5174570009446038 -4743.5200004363423 0.2361111111111111
 0.29899999999999999 7563 127770 59260.072945521722 6.5775037754470027 -7658.0694797092892 0.32307692307692309
 0.36399999999999999 5635 11590 10398.307186826712 3.0157601215998433 -668.22738918658945 0.09375
 0.41799999999999998 3481 23159 15870.813696522009 1.8931402444982348 -590.17741772240947 0.35087719298245612
 0.32100000000000001 16923 143075 95106.191766697433 4.4971645301869838 -4097.1500931223409 0.34722222222222221
 0.33500000000000002 3751 82279 40002.08844259772 2.6863848842636897 -2293.1778407907987 0.29166666666666669
 0.34699999999999998 11640 76927 36660.342797783931 3.579984933913245 -4289.6655293660697 0.095238095238095233
 0.32200000000000001 5215 19013 13693.52077562329 2.1989612570974528 -410.44243309430522 0.35087719298245612
 0.29999999999999999 2450 68602 52874.967943982811 3.7619352564982256 -2307.8727375298836 0.34920634920634919
 0.35499999999999998 987 116863 45014.708279470644 1.4862257666644685 -1512.2492485445678 0.359375
 0.26800000000000002 2632 188144 94932.542859341396 2.9388082674792457 -7262.2858533810431 0.35384615384615387
 0.30399999999999999 7857 28083 17567.543382579279 2.1453809330405327 -529.01122621808042 0.36764705882352944
 0.38600000000000001 3451 21725 16216.425238534941 0.83658094699082497 137.14497332334074 0.48684210526315791
 0.32900000000000001 3108 48467 27092.182810095419 1.2027910670473081 -456.4012566894408 0.515625


