# Created by Octave 6.1.0, Mon Feb 26 08:54:05 2024 GMT <unknown@DESKTOP-MP17NNI>
# name: model
# type: scalar struct
# ndims: 2
 1 1
# length: 12
# name: Parameters
# type: matrix
# rows: 5
# columns: 1
 0
 2
 3
 0.29999999999999999
 0


# name: nr_class
# type: scalar
2


# name: totalSV
# type: scalar
20


# name: rho
# type: scalar
-0.022976905107498169


# name: Label
# type: matrix
# rows: 2
# columns: 1
 1
 0


# name: sv_indices
# type: matrix
# rows: 20
# columns: 1
 2
 3
 5
 6
 7
 8
 9
 10
 13
 14
 16
 19
 20
 22
 24
 25
 26
 28
 29
 30


# name: ProbA
# type: matrix
# rows: 0
# columns: 0


# name: ProbB
# type: matrix
# rows: 0
# columns: 0


# name: Prob_density_marks
# type: matrix
# rows: 0
# columns: 0


# name: nSV
# type: matrix
# rows: 2
# columns: 1
 10
 10


# name: sv_coef
# type: matrix
# rows: 20
# columns: 1
 1
 1
 1
 1
 1
 1
 1
 1
 1
 1
 -1
 -1
 -1
 -1
 -1
 -1
 -1
 -1
 -1
 -1


# name: SVs
# type: sparse matrix
# nnz: 138
# rows: 20
# columns: 7
1 1 0.50000000000000022
2 1 0.64666666666666661
3 1 0.83333333333333348
4 1 0.99333333333333329
5 1 0.4200000000000001
6 1 0.64666666666666661
7 1 0.90000000000000024
8 1 0.47333333333333349
9 1 0.72666666666666668
10 1 0.5133333333333332
11 1 0.7466666666666667
12 1 0.64000000000000001
13 1 1
14 1 0.44666666666666677
15 1 0.36000000000000004
16 1 0.21333333333333321
17 1 0.57999999999999985
18 1 0.23999999999999991
19 1 0.78666666666666685
20 1 0.40666666666666673
1 2 0.067960002395066166
2 2 0.093946470271241242
3 2 0.23124363810550266
4 2 0.09604215316448117
5 2 0.074306927728878508
6 2 0.32884258427639063
7 2 0.18118675528411474
8 2 0.12663912340578409
9 2 0.053230345488294112
10 2 0.09125202083707562
11 2 0.56876833722531583
12 2 0.32411232860307765
13 2 0.19513801568768338
14 2 0.21130471229267708
15 2 0.29896413388419857
16 2 0.13340518531824441
17 2 0.04580564038081552
18 2 0.45715825399676668
19 2 0.1933417160649063
20 2 0.17280402371115502
1 3 0.0045353802908265316
2 3 0.074604032650413529
3 3 0.072447159305908421
4 3 0.08218822639061571
5 3 0.044413211524947295
6 3 0.018303692091464402
7 3 0.038672360668144223
8 3 0.13926698740472457
9 3 0.11970917346883615
10 3 0.19389156170603816
11 3 0.070441645494351043
12 3 0.045602464998108008
13 3 0.1081409805935456
14 3 0.42772582301746043
15 3 0.085728958322071461
16 3 0.3537920968701011
17 3 0.61467646899832429
18 3 0.13475863560192441
19 3 0.10038921022757986
20 3 0.24494837558786961
1 4 0.0026011147824851269
2 4 0.084206545526602145
3 4 0.091119319004288393
4 4 0.16151649866155235
5 4 0.041870750372193233
6 4 0.060056976238097012
7 4 0.10205294111703722
8 4 0.095048203793578936
9 4 0.10880581023146292
10 4 0.20356103826279071
11 4 0.11333183165001633
12 4 0.08365640275198695
13 4 0.14285627919712496
14 4 0.40390091768233377
15 4 0.11930300033419043
16 4 0.54315573165560727
17 4 0.45812588287581463
18 4 0.16121097417965879
19 4 0.14659499756117461
20 4 0.26424556651764775
1 5 0.12490535863763473
2 5 0.19450869148580516
3 5 0.21036809164357717
4 5 0.14740003788922995
5 5 0.046171602533821639
7 5 0.11734038972731002
8 5 0.25044976119971701
9 5 0.42840227346344717
10 5 0.11349064201208907
11 5 0.44491402455120899
12 5 0.42246616433544326
13 5 0.24043426461816306
14 5 0.36905823757850115
15 5 0.29002289299754397
16 5 0.54345785537696634
17 5 0.17445341309985221
18 5 0.2813348870442467
19 5 0.069114034135711627
20 5 0.12849470715718289
1 6 0.9781590969194891
2 6 0.95323839460336257
3 6 0.96363073696844725
4 6 0.94728126376260091
5 6 0.99099904554959994
6 6 0.99690663819549663
7 6 0.99272250419437924
8 6 0.89914657823542954
9 6 0.91658320851410813
10 6 0.98873629483137071
11 6 0.90728756763764473
12 6 0.89668374521798944
13 6 0.90669629483217173
14 6 0.68822887057729987
15 6 0.92975338783596728
16 6 0.68634375287750793
17 6 0.78840938478270706
18 6 0.91454292841395013
19 6 1
20 6 0.92385761372070152
1 7 0.44986332901740761
2 7 0.44423270586412589
3 7 0.51838209935300528
4 7 0.23840214837193691
5 7 0.84912569806829641
6 7 0.89311849613964434
7 7 0.45367573011077544
8 7 0.60189015415601521
9 7 0.45168417730080712
10 7 0.6821586723502876
11 7 0.0036557270758321866
13 7 0.43916185226409427
14 7 0.33803289694528371
15 7 0.43916185226409427
16 7 0.43630812512987738
17 7 0.45367573011077544
18 7 0.46780404004502113
19 7 0.67138389781099284
20 7 0.72054380664652573




